version https://git-lfs.github.com/spec/v1
oid sha256:b55c8fc98ab43b3c931ebdae52c376fc5a5a26d539da5650ae4f50e0b0d32085
size 137927
