version https://git-lfs.github.com/spec/v1
oid sha256:a0f7d7005e0d83838d1394c6468f6ac52f6f1535a28831746c48b8a246b34ea3
size 121943
